%YAML:1.0
R: !!opencv-matrix
   rows: 3
   cols: 3
   dt: d
   data: [ 9.9955189437347047e-001, -3.5507047533053326e-003,
       2.9722095319162794e-002, 5.1760356969788755e-003,
       9.9848463425850920e-001, -5.4787259505425366e-002,
       -2.9482522091404329e-002, 5.4916551652539843e-002,
       9.9805558625044721e-001 ]
T: !!opencv-matrix
   rows: 3
   cols: 1
   dt: d
   data: [ -2.6076272293053222e+002, 2.3278259996172257e+000,
       1.9414141442514521e+000 ]
R1: !!opencv-matrix
   rows: 3
   cols: 3
   dt: d
   data: [ 9.9965765418078989e-001, -1.2872157872982272e-002,
       2.2778981308505811e-002, 1.3490750558718425e-002,
       9.9953858483431779e-001, -2.7214280750585344e-002,
       -2.2418164222850076e-002, 2.7512269610162340e-002,
       9.9937005204967744e-001 ]
R2: !!opencv-matrix
   rows: 3
   cols: 3
   dt: d
   data: [ 9.9993244624721789e-001, -8.9263861033430821e-003,
       -7.4446338518878215e-003, 9.1267734266924760e-003,
       9.9958474277376852e-001, 2.7332106042471327e-002,
       7.1975654823315648e-003, -2.7398205142547583e-002,
       9.9959868617665482e-001 ]
P1: !!opencv-matrix
   rows: 3
   cols: 4
   dt: d
   data: [ 3.3759621899563217e+002, 0., 1.6656807708740234e+002, 0., 0.,
       3.3759621899563217e+002, 1.1740586662292480e+002, 0., 0., 0., 1.,
       0. ]
P2: !!opencv-matrix
   rows: 3
   cols: 4
   dt: d
   data: [ 3.3759621899563217e+002, 0., 1.6656807708740234e+002,
       -8.8038456644488804e+004, 0., 3.3759621899563217e+002,
       1.1740586662292480e+002, 0., 0., 0., 1., 0. ]
Q: !!opencv-matrix
   rows: 4
   cols: 4
   dt: d
   data: [ 1., 0., 0., -1.6656807708740234e+002, 0., 1., 0.,
       -1.1740586662292480e+002, 0., 0., 0., 3.3759621899563217e+002, 0.,
       0., 3.8346449024985910e-003, 0. ]
