%YAML:1.0
M1: !!opencv-matrix
   rows: 3
   cols: 3
   dt: d
   data: [ 3.7005995560363323e+002, 0., 1.6580241014831594e+002, 0.,
       3.7255995405107723e+002, 1.0900274252657717e+002, 0., 0., 1. ]
D1: !!opencv-matrix
   rows: 1
   cols: 5
   dt: d
   data: [ 8.3828307704275531e-002, -4.9658361559880621e-001,
       -9.4110974455390820e-004, 2.8214428460442147e-003,
       1.2978544100824441e-002 ]
M2: !!opencv-matrix
   rows: 3
   cols: 3
   dt: d
   data: [ 3.7049359570980965e+002, 0., 1.7062858617841613e+002, 0.,
       3.7289866844242255e+002, 1.2665232494171316e+002, 0., 0., 1. ]
D2: !!opencv-matrix
   rows: 1
   cols: 5
   dt: d
   data: [ 5.9181279560443528e-002, -3.4115840181044305e-001,
       -2.6914100197996151e-003, 1.0925963876174455e-003,
       -2.6752015948437585e-001 ]
