<?xml version="1.0"?>
<opencv_storage>
<R_matrix type_id="opencv-matrix">
  <rows>3</rows>
  <cols>3</cols>
  <dt>d</dt>
  <data>
    9.9955189437347047e-001 -3.5507047533053326e-003
    2.9722095319162794e-002 5.1760356969788755e-003
    9.9848463425850920e-001 -5.4787259505425366e-002
    -2.9482522091404329e-002 5.4916551652539843e-002
    9.9805558625044721e-001</data></R_matrix>
</opencv_storage>
