<?xml version="1.0"?>
<opencv_storage>
<T_matrix type_id="opencv-matrix">
  <rows>3</rows>
  <cols>1</cols>
  <dt>d</dt>
  <data>
    -2.6076272293053222e+002 2.3278259996172257e+000
    1.9414141442514521e+000</data></T_matrix>
</opencv_storage>
